#t x y z vx vy vz
0.00 -476.00 491.00 -412.00 45.00 102.00  142.00 
0.71 -473.00 499.00 -402.00 48.00 106.00  147.00 
1.43 -469.00 507.00 -391.00 59.00 111.00  151.00 
2.14 -465.00 515.00 -380.00 63.00 117.00  160.00 
2.86 -460.00 524.00 -368.00 72.00 124.00  171.00 
3.57 -455.00 533.00 -356.00 81.00 129.00  183.00 
4.29 -448.00 542.00 -342.00 96.00 134.00  191.00 
5.00 -441.00 551.00 -329.00 108.00 135.00  203.00 
5.71 -432.00 561.00 -314.00 130.00 137.00  211.00 
6.43 -422.00 571.00 -298.00 154.00 134.00  223.00 
7.14 -410.00 580.00 -282.00 178.00 127.00  235.00 
7.86 -397.00 589.00 -265.00 205.00 114.00  243.00 
8.57 -381.00 596.00 -247.00 236.00 93.00  248.00 
9.29 -363.00 602.00 -229.00 263.00 60.00  245.00 
10.00 -343.00 605.00 -212.00 280.00 32.00  237.00 
10.71 -323.00 606.00 -196.00 288.00 2.00  220.00 
11.43 -303.00 606.00 -180.00 287.00 -25.00  204.00 
12.14 -282.00 603.00 -166.00 281.00 -53.00  187.00 
12.86 -263.00 598.00 -154.00 271.00 -69.00  176.00 
13.57 -243.00 593.00 -141.00 263.00 -81.00  164.00 
14.29 -225.00 587.00 -130.00 257.00 -96.00  150.00 
15.00 -207.00 579.00 -120.00 245.00 -108.00  139.00 
15.71 -190.00 571.00 -110.00 237.00 -116.00  130.00 
16.43 -173.00 563.00 -101.00 227.00 -123.00  120.00 
17.14 -157.00 554.00 -93.00 218.00 -131.00  112.00 
17.86 -142.00 544.00 -85.00 208.00 -136.00  105.00 
18.57 -128.00 534.00 -78.00 199.00 -142.00  98.00 
19.29 -114.00 524.00 -71.00 191.00 -148.00  90.00 
20.00 -100.00 513.00 -65.00 183.00 -155.00  84.00 
20.71 -88.00 502.00 -59.00 171.00 -158.00  80.00 
21.43 -76.00 491.00 -54.00 168.00 -157.00  73.00 
22.14 -64.00 479.00 -49.00 157.00 -161.00  68.00 
22.86 -53.00 468.00 -44.00 150.00 -165.00  63.00 
23.57 -42.00 456.00 -40.00 144.00 -170.00  58.00 
24.29 -32.00 443.00 -36.00 135.00 -171.00  56.00 
25.00 -23.00 431.00 -32.00 124.00 -176.00  52.00 
25.71 -14.00 418.00 -28.00 116.00 -179.00  47.00 
26.43 -6.00 405.00 -25.00 111.00 -186.00  44.00 
27.14 1.00 392.00 -22.00 103.00 -187.00  38.00 
27.86 9.00 379.00 -19.00 98.00 -190.00  33.00 
28.57 15.00 365.00 -17.00 89.00 -196.00  30.00 
29.29 21.00 351.00 -15.00 77.00 -200.00  25.00 
30.00 26.00 336.00 -13.00 69.00 -203.00  22.00 
30.71 31.00 322.00 -12.00 58.00 -208.00  19.00 
31.43 35.00 307.00 -11.00 48.00 -214.00  15.00 
32.14 37.00 291.00 -10.00 37.00 -218.00  9.00 
32.86 40.00 275.00 -9.00 21.00 -223.00  3.00 
33.57 40.00 259.00 -9.00 5.00 -228.00  -1.00 
34.29 40.00 243.00 -10.00 -13.00 -232.00  -7.00 
35.00 38.00 226.00 -10.00 -32.00 -239.00  -14.00 
35.71 36.00 209.00 -11.00 -54.00 -245.00  -21.00 
36.43 31.00 191.00 -13.00 -80.00 -246.00  -32.00 
37.14 24.00 174.00 -16.00 -114.00 -243.00  -44.00 
37.86 14.00 157.00 -20.00 -152.00 -232.00  -57.00 
38.57 2.00 141.00 -24.00 -188.00 -210.00  -72.00 
39.29 -12.00 127.00 -30.00 -220.00 -179.00  -81.00 
40.00 -29.00 116.00 -36.00 -246.00 -129.00  -86.00 
40.71 -47.00 108.00 -42.00 -260.00 -70.00  -79.00 
41.43 -65.00 106.00 -47.00 -251.00 -2.00  -67.00 
42.14 -82.00 108.00 -51.00 -219.00 69.00  -47.00 
42.86 -96.00 115.00 -54.00 -166.00 124.00  -29.00 
43.57 -106.00 125.00 -55.00 -105.00 155.00  -10.00 
44.29 -111.00 137.00 -55.00 -47.00 169.00  7.00 
45.00 -113.00 149.00 -54.00 1.00 170.00  16.00 
45.71 -111.00 161.00 -53.00 39.00 165.00  26.00 
46.43 -107.00 173.00 -51.00 72.00 160.00  31.00 
47.14 -101.00 184.00 -48.00 101.00 154.00  39.00 
47.86 -93.00 194.00 -45.00 125.00 146.00  50.00 
48.57 -83.00 205.00 -41.00 149.00 138.00  60.00 
49.29 -72.00 214.00 -36.00 167.00 130.00  72.00 
50.00 -59.00 223.00 -31.00 183.00 123.00  86.00 
50.71 -45.00 232.00 -24.00 206.00 121.00  106.00 
51.43 -30.00 240.00 -15.00 230.00 113.00  145.00 
52.14 -12.00 248.00 -3.00 255.00 86.00  213.00 
52.86 5.00 251.00 15.00 232.00 -6.00  277.00 
53.57 20.00 247.00 35.00 180.00 -81.00  260.00 
54.29 31.00 240.00 52.00 142.00 -113.00  221.00 
55.00 41.00 232.00 66.00 118.00 -132.00  184.00 
55.71 48.00 222.00 78.00 94.00 -143.00  157.00 
56.43 54.00 211.00 88.00 77.00 -150.00  129.00 
57.14 59.00 200.00 97.00 63.00 -158.00  105.00 
57.86 63.00 189.00 103.00 51.00 -162.00  82.00 
58.57 66.00 177.00 108.00 34.00 -167.00  58.00 
59.29 69.00 165.00 112.00 20.00 -168.00  37.00 
60.00 70.00 153.00 114.00 7.00 -169.00  12.00 
60.71 70.00 141.00 113.00 -4.00 -166.00  -11.00 
61.43 69.00 130.00 112.00 -19.00 -161.00  -36.00 
62.14 67.00 118.00 108.00 -32.00 -155.00  -66.00 
62.86 64.00 108.00 102.00 -47.00 -142.00  -98.00 
63.57 60.00 98.00 94.00 -64.00 -126.00  -130.00 
64.29 55.00 90.00 84.00 -77.00 -103.00  -162.00 
65.00 49.00 84.00 71.00 -89.00 -72.00  -198.00 
65.71 42.00 80.00 56.00 -102.00 -26.00  -228.00 
66.43 35.00 80.00 38.00 -108.00 35.00  -254.00 
67.14 27.00 86.00 20.00 -100.00 115.00  -254.00 
67.86 21.00 97.00 3.00 -76.00 186.00  -218.00 
68.57 17.00 111.00 -10.00 -40.00 225.00  -152.00 
69.29 15.00 128.00 -19.00 -8.00 231.00  -90.00 
70.00 16.00 144.00 -23.00 20.00 216.00  -38.00 
70.71 18.00 159.00 -25.00 39.00 195.00  4.00 
71.43 21.00 172.00 -23.00 55.00 173.00  36.00 
72.14 25.00 183.00 -20.00 66.00 146.00  62.00 
72.86 30.00 192.00 -14.00 77.00 120.00  86.00 
73.57 36.00 200.00 -8.00 86.00 91.00  104.00 
74.29 43.00 205.00 0.00 93.00 64.00  121.00 
75.00 50.00 209.00 10.00 99.00 33.00  134.00 
75.71 57.00 210.00 20.00 103.00 3.00  145.00 
76.43 64.00 209.00 30.00 103.00 -30.00  154.00 
77.14 72.00 206.00 42.00 103.00 -65.00  162.00 
77.86 79.00 200.00 53.00 105.00 -101.00  163.00 
78.57 86.00 192.00 65.00 102.00 -140.00  162.00 
79.29 94.00 180.00 76.00 96.00 -186.00  157.00 
80.00 100.00 165.00 87.00 90.00 -231.00  143.00 
80.71 106.00 147.00 96.00 73.00 -284.00  115.00 
81.43 110.00 125.00 103.00 46.00 -328.00  68.00 
82.14 112.00 100.00 105.00 10.00 -353.00  -5.00 
82.86 111.00 76.00 102.00 -36.00 -328.00  -89.00 
83.57 108.00 54.00 93.00 -72.00 -264.00  -149.00 
84.29 102.00 38.00 81.00 -84.00 -187.00  -178.00 
85.00 96.00 27.00 68.00 -87.00 -116.00  -181.00 
85.71 90.00 22.00 56.00 -81.00 -52.00  -172.00 
86.43 84.00 20.00 44.00 -74.00 -5.00  -153.00 
87.14 79.00 21.00 34.00 -57.00 37.00  -126.00 
87.86 76.00 25.00 26.00 -41.00 70.00  -97.00 
88.57 74.00 31.00 20.00 -23.00 95.00  -65.00 
89.29 73.00 38.00 17.00 -1.00 116.00  -30.00 
90.00 73.00 47.00 16.00 17.00 132.00  4.00 
90.71 75.00 57.00 17.00 38.00 141.00  41.00 
91.43 79.00 67.00 22.00 61.00 144.00  84.00 
92.14 84.00 77.00 29.00 85.00 141.00  128.00 
92.86 91.00 87.00 40.00 116.00 128.00  176.00 
93.57 101.00 95.00 55.00 149.00 97.00  230.00 
94.29 113.00 100.00 73.00 180.00 38.00  281.00 
95.00 127.00 100.00 94.00 209.00 -56.00  310.00 
95.71 142.00 92.00 116.00 205.00 -173.00  287.00 
96.43 155.00 76.00 134.00 166.00 -246.00  206.00 
97.14 165.00 58.00 145.00 119.00 -259.00  125.00 
97.86 172.00 40.00 152.00 76.00 -242.00  60.00 
98.57 177.00 24.00 155.00 44.00 -212.00  12.00 
99.29 179.00 10.00 154.00 14.00 -179.00  -25.00 
100.00 179.00 -2.00 151.00 -8.00 -141.00  -58.00 
100.71 178.00 -10.00 146.00 -30.00 -99.00  -85.00 
101.43 175.00 -16.00 139.00 -47.00 -54.00  -104.00 
102.14 171.00 -18.00 131.00 -62.00 -2.00  -120.00 
102.86 166.00 -16.00 122.00 -75.00 54.00  -124.00 
103.57 160.00 -10.00 114.00 -85.00 119.00  -124.00 
104.29 154.00 1.00 105.00 -83.00 195.00  -104.00 
105.00 149.00 18.00 100.00 -60.00 274.00  -51.00 
105.71 146.00 40.00 99.00 -2.00 318.00  43.00 
106.43 149.00 62.00 106.00 67.00 274.00  135.00 
107.14 155.00 78.00 117.00 112.00 193.00  180.00 
107.86 164.00 89.00 131.00 135.00 109.00  193.00 
108.57 174.00 94.00 144.00 142.00 37.00  186.00 
109.29 185.00 95.00 157.00 138.00 -22.00  170.00 
110.00 194.00 91.00 168.00 132.00 -79.00  145.00 
110.71 203.00 84.00 178.00 118.00 -125.00  114.00 
111.43 211.00 73.00 184.00 97.00 -166.00  78.00 
112.14 216.00 60.00 188.00 66.00 -199.00  34.00 
112.86 220.00 45.00 189.00 31.00 -223.00  -15.00 
113.57 221.00 29.00 186.00 -12.00 -234.00  -78.00 
114.29 218.00 12.00 178.00 -69.00 -219.00  -147.00 
