#t x y z vx vy vz
0.00 -377.00 611.00 -285.00 73.00 -75.00  53.00 
0.71 -372.00 606.00 -281.00 74.00 -77.00  55.00 
1.43 -367.00 601.00 -278.00 76.00 -77.00  51.00 
2.14 -361.00 595.00 -274.00 72.00 -79.00  55.00 
2.86 -356.00 590.00 -270.00 71.00 -80.00  51.00 
3.57 -351.00 584.00 -267.00 72.00 -83.00  50.00 
4.29 -346.00 578.00 -264.00 69.00 -83.00  47.00 
5.00 -342.00 573.00 -260.00 68.00 -81.00  40.00 
5.71 -337.00 567.00 -257.00 68.00 -81.00  41.00 
6.43 -332.00 561.00 -254.00 67.00 -85.00  43.00 
7.14 -328.00 555.00 -251.00 61.00 -83.00  42.00 
7.86 -324.00 549.00 -247.00 53.00 -80.00  42.00 
8.57 -321.00 543.00 -244.00 46.00 -74.00  39.00 
9.29 -317.00 538.00 -241.00 44.00 -71.00  38.00 
10.00 -314.00 533.00 -238.00 45.00 -68.00  42.00 
10.71 -311.00 528.00 -235.00 43.00 -64.00  46.00 
11.43 -308.00 523.00 -231.00 44.00 -60.00  47.00 
12.14 -304.00 519.00 -228.00 50.00 -63.00  53.00 
12.86 -301.00 514.00 -224.00 48.00 -60.00  57.00 
13.57 -297.00 510.00 -219.00 51.00 -59.00  58.00 
14.29 -293.00 505.00 -215.00 52.00 -61.00  63.00 
15.00 -289.00 501.00 -211.00 59.00 -63.00  62.00 
15.71 -285.00 496.00 -206.00 58.00 -62.00  63.00 
16.43 -280.00 492.00 -202.00 65.00 -66.00  66.00 
17.14 -276.00 487.00 -197.00 70.00 -67.00  66.00 
17.86 -270.00 482.00 -192.00 73.00 -70.00  70.00 
18.57 -265.00 477.00 -187.00 75.00 -72.00  71.00 
19.29 -260.00 472.00 -182.00 77.00 -71.00  71.00 
20.00 -254.00 467.00 -177.00 78.00 -74.00  73.00 
20.71 -248.00 461.00 -172.00 80.00 -79.00  76.00 
21.43 -242.00 456.00 -167.00 84.00 -83.00  77.00 
22.14 -236.00 450.00 -162.00 86.00 -84.00  75.00 
22.86 -230.00 444.00 -157.00 91.00 -85.00  73.00 
23.57 -224.00 438.00 -151.00 92.00 -88.00  72.00 
24.29 -217.00 432.00 -146.00 91.00 -93.00  72.00 
25.00 -211.00 425.00 -141.00 93.00 -96.00  74.00 
25.71 -205.00 418.00 -136.00 95.00 -97.00  73.00 
26.43 -198.00 411.00 -130.00 92.00 -97.00  74.00 
27.14 -191.00 404.00 -125.00 94.00 -101.00  75.00 
27.86 -185.00 397.00 -119.00 94.00 -101.00  76.00 
28.57 -178.00 390.00 -114.00 99.00 -105.00  76.00 
29.29 -171.00 382.00 -108.00 96.00 -106.00  77.00 
30.00 -164.00 374.00 -102.00 96.00 -110.00  79.00 
30.71 -157.00 366.00 -96.00 97.00 -112.00  82.00 
31.43 -150.00 358.00 -91.00 104.00 -119.00  81.00 
32.14 -143.00 349.00 -84.00 103.00 -119.00  80.00 
32.86 -135.00 340.00 -78.00 107.00 -129.00  86.00 
33.57 -127.00 331.00 -72.00 113.00 -136.00  88.00 
34.29 -119.00 321.00 -65.00 114.00 -144.00  86.00 
35.00 -111.00 310.00 -59.00 119.00 -157.00  85.00 
35.71 -102.00 298.00 -53.00 117.00 -170.00  90.00 
36.43 -94.00 285.00 -46.00 119.00 -180.00  85.00 
37.14 -85.00 272.00 -41.00 125.00 -199.00  80.00 
37.86 -76.00 256.00 -35.00 123.00 -226.00  70.00 
38.57 -67.00 239.00 -31.00 123.00 -259.00  52.00 
39.29 -58.00 219.00 -28.00 95.00 -300.00  15.00 
40.00 -53.00 198.00 -30.00 45.00 -288.00  -51.00 
40.71 -52.00 180.00 -35.00 19.00 -231.00  -71.00 
41.43 -51.00 165.00 -40.00 20.00 -186.00  -60.00 
42.14 -50.00 153.00 -44.00 27.00 -159.00  -42.00 
42.86 -48.00 143.00 -46.00 28.00 -136.00  -26.00 
43.57 -47.00 134.00 -47.00 26.00 -115.00  -15.00 
44.29 -46.00 126.00 -48.00 22.00 -99.00  -5.00 
45.00 -44.00 120.00 -48.00 23.00 -83.00  1.00 
45.71 -43.00 114.00 -48.00 19.00 -68.00  5.00 
46.43 -42.00 110.00 -47.00 17.00 -54.00  8.00 
47.14 -41.00 106.00 -46.00 16.00 -43.00  13.00 
47.86 -40.00 103.00 -45.00 13.00 -32.00  14.00 
48.57 -39.00 101.00 -44.00 17.00 -22.00  16.00 
49.29 -38.00 100.00 -43.00 18.00 -11.00  16.00 
50.00 -37.00 100.00 -42.00 21.00 -3.00  19.00 
50.71 -35.00 100.00 -40.00 21.00 5.00  23.00 
51.43 -34.00 100.00 -39.00 25.00 15.00  26.00 
52.14 -31.00 101.00 -36.00 26.00 19.00  34.00 
52.86 -30.00 103.00 -34.00 27.00 29.00  36.00 
53.57 -28.00 106.00 -31.00 32.00 39.00  40.00 
54.29 -25.00 109.00 -28.00 35.00 48.00  46.00 
55.00 -23.00 112.00 -25.00 38.00 57.00  51.00 
55.71 -20.00 117.00 -21.00 45.00 71.00  58.00 
56.43 -17.00 123.00 -17.00 51.00 88.00  67.00 
57.14 -13.00 130.00 -11.00 61.00 111.00  80.00 
57.86 -8.00 139.00 -5.00 81.00 147.00  100.00 
58.57 -0.00 151.00 3.00 198.00 147.00  137.00 
59.29 11.00 157.00 9.00 123.00 19.00  66.00 
60.00 18.00 158.00 12.00 52.00 -7.00  40.00 
60.71 22.00 156.00 14.00 8.00 -21.00  22.00 
61.43 24.00 152.00 15.00 -14.00 -51.00  9.00 
62.14 19.00 146.00 16.00 -49.00 -113.00  -30.00 
62.86 20.00 140.00 15.00 53.00 -3.00  31.00 
63.57 23.00 140.00 18.00 35.00 -5.00  36.00 
64.29 28.00 138.00 20.00 29.00 -27.00  38.00 
65.00 29.00 137.00 22.00 36.00 -35.00  32.00 
65.71 30.00 135.00 23.00 42.00 -27.00  42.00 
66.43 34.00 133.00 27.00 42.00 -27.00  42.00 
67.14 37.00 131.00 30.00 42.00 -27.00  42.00 
67.86 40.00 129.00 32.00 38.00 -35.00  31.00 
68.57 43.00 127.00 35.00 38.00 -32.00  31.00 
69.29 44.00 126.00 36.00 39.00 -34.00  25.00 
70.00 48.00 123.00 39.00 39.00 -33.00  29.00 
70.71 50.00 120.00 41.00 33.00 -34.00  17.00 
71.43 52.00 119.00 42.00 35.00 -31.00  14.00 
72.14 54.00 116.00 44.00 33.00 -27.00  14.00 
72.86 57.00 114.00 45.00 35.00 -30.00  15.00 
73.57 60.00 111.00 48.00 34.00 -24.00  21.00 
74.29 63.00 109.00 49.00 33.00 -22.00  23.00 
75.00 66.00 108.00 51.00 36.00 -22.00  26.00 
75.71 68.00 107.00 52.00 35.00 -22.00  26.00 
76.43 71.00 105.00 54.00 33.00 -20.00  23.00 
77.14 73.00 104.00 55.00 31.00 -19.00  23.00 
77.86 75.00 103.00 56.00 33.00 -16.00  20.00 
78.57 78.00 101.00 58.00 31.00 -18.00  21.00 
79.29 81.00 100.00 59.00 33.00 -21.00  18.00 
80.00 83.00 99.00 61.00 34.00 -18.00  21.00 
80.71 86.00 97.00 63.00 34.00 -18.00  23.00 
81.43 88.00 96.00 64.00 33.00 -17.00  25.00 
82.14 90.00 95.00 66.00 35.00 -16.00  26.00 
82.86 93.00 94.00 68.00 36.00 -21.00  32.00 
83.57 95.00 93.00 70.00 37.00 -21.00  35.00 
84.29 97.00 91.00 72.00 38.00 -24.00  32.00 
85.00 100.00 89.00 74.00 35.00 -29.00  33.00 
85.71 102.00 87.00 76.00 36.00 -29.00  30.00 
86.43 105.00 85.00 78.00 34.00 -34.00  24.00 
87.14 107.00 83.00 80.00 29.00 -31.00  25.00 
87.86 110.00 81.00 82.00 33.00 -28.00  24.00 
88.57 112.00 79.00 84.00 32.00 -29.00  21.00 
89.29 114.00 77.00 86.00 31.00 -26.00  22.00 
90.00 116.00 75.00 87.00 32.00 -26.00  20.00 
90.71 119.00 74.00 88.00 30.00 -26.00  21.00 
91.43 121.00 71.00 90.00 31.00 -26.00  22.00 
92.14 123.00 70.00 92.00 29.00 -25.00  19.00 
92.86 124.00 68.00 93.00 32.00 -27.00  18.00 
93.57 127.00 66.00 95.00 31.00 -26.00  22.00 
94.29 129.00 64.00 96.00 27.00 -26.00  22.00 
95.00 131.00 63.00 97.00 26.00 -21.00  20.00 
95.71 133.00 61.00 99.00 25.00 -15.00  23.00 
96.43 135.00 60.00 100.00 30.00 -14.00  23.00 
97.14 137.00 59.00 102.00 32.00 -13.00  24.00 
97.86 139.00 58.00 104.00 33.00 -15.00  25.00 
98.57 142.00 57.00 106.00 34.00 -19.00  26.00 
99.29 144.00 56.00 108.00 33.00 -21.00  30.00 
100.00 146.00 55.00 111.00 36.00 -20.00  31.00 
100.71 149.00 53.00 113.00 33.00 -19.00  33.00 
101.43 151.00 52.00 115.00 31.00 -18.00  33.00 
102.14 154.00 51.00 117.00 34.00 -19.00  30.00 
102.86 156.00 49.00 119.00 34.00 -19.00  29.00 
103.57 159.00 47.00 121.00 36.00 -20.00  29.00 
104.29 162.00 46.00 123.00 35.00 -25.00  28.00 
105.00 164.00 44.00 125.00 33.00 -32.00  25.00 
105.71 166.00 42.00 127.00 32.00 -31.00  19.00 
106.43 168.00 40.00 128.00 29.00 -31.00  19.00 
107.14 170.00 38.00 130.00 32.00 -26.00  17.00 
107.86 172.00 36.00 132.00 26.00 -22.00  20.00 
108.57 174.00 35.00 133.00 29.00 -19.00  18.00 
109.29 176.00 33.00 134.00 28.00 -17.00  21.00 
110.00 178.00 32.00 136.00 31.00 -16.00  24.00 
110.71 180.00 31.00 137.00 33.00 -18.00  26.00 
111.43 182.00 29.00 139.00 30.00 -20.00  28.00 
112.14 184.00 28.00 141.00 29.00 -18.00  29.00 
112.86 187.00 26.00 143.00 29.00 -18.00  28.00 
113.57 189.00 25.00 144.00 30.00 -21.00  28.00 
114.29 191.00 24.00 147.00 32.00 -21.00  27.00 
