# t   x    y    z   vx   vy   vz
0.00 -98.00 -120.00 -127.00 -28.00 174.00 92.00
0.10 -100.42 -102.17 -110.33 -20.33 182.59 101.48
0.20 -101.93 -83.44 -91.49 -10.03 192.04 112.22
0.30 -102.22 -63.72 -71.61 4.26 202.34 124.27
0.40 -100.79 -42.96 -50.64 24.45 212.95 137.33
0.50 -96.91 -21.19 -28.58 53.15 222.26 150.12
0.60 -89.62 1.24 -5.73 92.50 226.47 159.20
0.70 -78.01 23.54 17.08 139.82 219.48 157.58
0.80 -61.89 44.45 38.52 182.57 198.70 142.10
0.90 -42.27 62.92 57.47 209.74 170.69 118.25
1.00 -20.69 78.63 73.52 221.85 143.48 93.87
1.10 1.62 91.82 86.95 224.44 120.36 72.63
1.20 23.94 102.91 98.20 221.97 101.54 55.11
1.30 45.89 112.30 107.71 217.02 86.30 40.79
1.40 67.29 120.31 115.79 210.97 73.85 29.02
1.50 88.06 127.18 122.73 204.50 63.56 19.25
1.60 108.19 133.11 128.70 197.99 54.92 11.02
1.70 127.67 138.23 133.86 191.61 47.58 4.02
1.80 146.52 142.67 138.33 185.45 41.26 -2.02
1.90 164.77 146.53 142.21 179.54 35.78 -7.28
2.00 182.44 149.86 145.57 173.89 30.96 -11.90
2.10 199.56 152.74 148.47 168.51 26.69 -16.00
2.20 216.16 155.22 150.96 163.38 22.89 -19.65
2.30 232.25 157.34 153.09 158.48 19.47 -22.94
2.40 247.86 159.13 154.90 153.79 16.39 -25.91
2.50 263.02 160.63 156.41 149.32 13.59 -28.60
2.60 277.74 161.86 157.65 145.03 11.03 -31.07
2.70 292.03 162.85 158.64 140.91 8.68 -33.33
2.80 305.93 163.61 159.41 136.96 6.52 -35.41
2.90 319.43 164.16 159.97 133.16 4.53 -37.33
3.00 332.57 164.52 160.34 129.49 2.68 -39.11
3.10 345.34 164.71 160.53 125.95 0.96 -40.77
3.20 357.76 164.72 160.55 122.53 -0.64 -42.31
3.30 369.85 164.58 160.42 119.22 -2.14 -43.76
3.40 381.61 164.30 160.14 116.01 -3.54 -45.11
3.50 393.06 163.88 159.72 112.90 -4.86 -46.38
3.60 404.19 163.33 159.18 109.87 -6.10 -47.58
3.70 415.03 162.66 158.52 106.93 -7.27 -48.71
3.80 425.58 161.88 157.74 104.07 -8.38 -49.77
3.90 435.85 160.99 156.85 101.28 -9.42 -50.78
4.00 445.84 160.00 155.86 98.56 -10.41 -51.74
4.10 455.57 158.91 154.78 95.90 -11.36 -52.64
4.20 465.03 157.73 153.60 93.30 -12.25 -53.50
4.30 474.23 156.46 152.34 90.76 -13.10 -54.32
4.40 483.18 155.11 150.99 88.27 -13.91 -55.10
4.50 491.88 153.68 149.56 85.83 -14.68 -55.85
4.60 500.35 152.18 148.06 83.44 -15.42 -56.56
4.70 508.57 150.60 146.49 81.09 -16.12 -57.23
4.80 516.57 148.95 144.84 78.78 -16.80 -57.88
4.90 524.33 147.24 143.13 76.52 -17.44 -58.50
5.00 531.87 145.47 141.36 74.29 -18.06 -59.09
5.10 539.19 143.63 139.53 72.09 -18.65 -59.66
5.20 546.29 141.74 137.64 69.93 -19.22 -60.21
5.30 553.18 139.79 135.69 67.80 -19.77 -60.73
5.40 559.85 137.78 133.69 65.70 -20.29 -61.23
5.50 566.32 135.73 131.64 63.63 -20.79 -61.71
5.60 572.58 133.63 129.54 61.59 -21.28 -62.18
5.70 578.64 131.48 127.39 59.57 -21.74 -62.62
5.80 584.50 129.28 125.19 57.58 -22.19 -63.05
5.90 590.16 127.04 122.95 55.61 -22.62 -63.46
6.00 595.62 124.76 120.67 53.65 -23.03 -63.85
6.10 600.89 122.43 118.35 51.72 -23.43 -64.23
6.20 605.97 120.07 115.99 49.81 -23.81 -64.60
6.30 610.85 117.67 113.59 47.92 -24.18 -64.95
6.40 615.55 115.24 111.16 46.04 -24.54 -65.29
6.50 620.06 112.76 108.69 44.18 -24.88 -65.62
6.60 624.39 110.26 106.19 42.34 -25.21 -65.93
6.70 628.53 107.72 103.65 40.51 -25.53 -66.23
6.80 632.49 105.15 101.08 38.69 -25.84 -66.52
6.90 636.27 102.55 98.49 36.88 -26.14 -66.80
7.00 639.87 99.93 95.86 35.09 -26.42 -67.07
7.10 643.29 97.27 93.21 33.30 -26.69 -67.33
7.20 646.53 94.59 90.53 31.53 -26.96 -67.58
7.30 649.59 91.88 87.82 29.77 -27.21 -67.81
7.40 652.48 89.15 85.09 28.01 -27.46 -68.04
7.50 655.20 86.39 82.33 26.26 -27.69 -68.26
7.60 657.73 83.61 79.55 24.52 -27.92 -68.47
7.70 660.10 80.81 76.75 22.79 -28.13 -68.67
7.80 662.29 77.98 73.93 21.06 -28.34 -68.87
7.90 664.31 75.14 71.09 19.33 -28.54 -69.05
8.00 666.16 72.27 68.22 17.61 -28.73 -69.23
8.10 667.84 69.39 65.34 15.90 -28.91 -69.39
8.20 669.34 66.49 62.45 14.19 -29.09 -69.55
8.30 670.67 63.58 59.53 12.48 -29.25 -69.70
8.40 671.84 60.64 56.60 10.77 -29.41 -69.85
8.50 672.83 57.69 53.65 9.06 -29.56 -69.98
8.60 673.65 54.73 50.69 7.36 -29.70 -70.11
8.70 674.30 51.75 47.71 5.65 -29.84 -70.23
8.80 674.78 48.76 44.73 3.95 -29.96 -70.34
8.90 675.09 45.76 41.72 2.24 -30.08 -70.45
9.00 675.23 42.75 38.71 0.53 -30.20 -70.55
9.10 675.19 39.72 35.69 -1.18 -30.30 -70.64
9.20 674.99 36.69 32.65 -2.90 -30.40 -70.72
9.30 674.61 33.64 29.61 -4.61 -30.49 -70.79
9.40 674.07 30.59 26.56 -6.34 -30.57 -70.86
9.50 673.35 27.53 23.50 -8.06 -30.64 -70.92
9.60 672.45 24.46 20.44 -9.79 -30.71 -70.97
9.70 671.39 21.39 17.36 -11.53 -30.77 -71.02
9.80 670.15 18.31 14.28 -13.28 -30.82 -71.05
9.90 668.73 15.22 11.20 -15.03 -30.87 -71.08
10.00 667.14 12.14 8.11 -16.79 -30.90 -71.10
10.10 665.37 9.04 5.02 -18.56 -30.93 -71.12
10.20 663.43 5.95 1.93 -20.34 -30.95 -71.12
10.30 661.31 2.85 -1.16 -22.13 -30.96 -71.12
10.40 659.00 -0.24 -4.26 -23.93 -30.97 -71.10
10.50 656.52 -3.34 -7.35 -25.74 -30.96 -71.08
10.60 653.85 -6.43 -10.44 -27.56 -30.95 -71.05
10.70 651.01 -9.53 -13.54 -29.40 -30.92 -71.01
10.80 647.97 -12.62 -16.63 -31.25 -30.89 -70.96
10.90 644.75 -15.70 -19.71 -33.12 -30.85 -70.90
11.00 641.35 -18.79 -22.79 -35.01 -30.80 -70.83
11.10 637.75 -21.86 -25.87 -36.91 -30.74 -70.75
11.20 633.97 -24.94 -28.94 -38.83 -30.67 -70.66
11.30 629.99 -28.00 -32.00 -40.76 -30.59 -70.56
11.40 625.81 -31.05 -35.05 -42.72 -30.50 -70.45
11.50 621.44 -34.10 -38.09 -44.70 -30.39 -70.33
11.60 616.87 -37.13 -41.12 -46.71 -30.28 -70.19
11.70 612.10 -40.15 -44.14 -48.73 -30.15 -70.04
11.80 607.12 -43.16 -47.15 -50.79 -30.01 -69.88
11.90 601.94 -46.15 -50.14 -52.86 -29.86 -69.71
12.00 596.55 -49.13 -53.11 -54.97 -29.69 -69.52
