#t x y z vx vy vz
0.00 -2.00 3.00 -1.00 0.00 4.00  -0.00 
0.71 -2.00 3.00 -1.00 -1.00 8.00  -0.00 
1.43 -2.00 3.00 -2.00 -4.00 9.00  -1.00 
2.14 -2.00 3.00 -2.00 -4.00 8.00  0.00 
2.86 -2.00 4.00 -2.00 -4.00 7.00  -0.00 
3.57 -3.00 4.00 -2.00 -7.00 8.00  1.00 
4.29 -3.00 5.00 -2.00 -8.00 12.00  -2.00 
5.00 -4.00 5.00 -2.00 -6.00 12.00  -3.00 
5.71 -4.00 6.00 -2.00 -3.00 8.00  -2.00 
6.43 -4.00 7.00 -2.00 -4.00 5.00  -2.00 
7.14 -4.00 7.00 -2.00 -8.00 6.00  -1.00 
7.86 -5.00 8.00 -3.00 -7.00 11.00  -7.00 
8.57 -5.00 8.00 -3.00 -11.00 7.00  -10.00 
9.29 -6.00 9.00 -4.00 -12.00 11.00  -9.00 
10.00 -7.00 10.00 -4.00 -7.00 11.00  -8.00 
10.71 -7.00 11.00 -5.00 -4.00 11.00  -9.00 
11.43 -7.00 12.00 -6.00 -5.00 15.00  -11.00 
12.14 -8.00 13.00 -6.00 -9.00 15.00  -11.00 
12.86 -8.00 14.00 -7.00 -11.00 14.00  -11.00 
13.57 -9.00 16.00 -8.00 -11.00 17.00  -11.00 
14.29 -10.00 17.00 -9.00 -11.00 14.00  -13.00 
15.00 -11.00 18.00 -10.00 -14.00 23.00  -15.00 
15.71 -12.00 20.00 -11.00 -10.00 25.00  -16.00 
16.43 -12.00 21.00 -12.00 -15.00 25.00  -13.00 
17.14 -13.00 23.00 -13.00 -13.00 26.00  -14.00 
17.86 -14.00 25.00 -14.00 -15.00 25.00  -16.00 
18.57 -15.00 27.00 -15.00 -19.00 27.00  -15.00 
19.29 -17.00 29.00 -16.00 -25.00 31.00  -15.00 
20.00 -18.00 32.00 -17.00 -22.00 34.00  -15.00 
20.71 -20.00 34.00 -18.00 -23.00 40.00  -17.00 
21.43 -21.00 37.00 -19.00 -18.00 40.00  -16.00 
22.14 -23.00 40.00 -20.00 -19.00 40.00  -19.00 
22.86 -24.00 43.00 -22.00 -23.00 38.00  -19.00 
23.57 -26.00 46.00 -23.00 -24.00 44.00  -19.00 
24.29 -28.00 49.00 -24.00 -24.00 45.00  -19.00 
25.00 -29.00 52.00 -26.00 -25.00 49.00  -20.00 
25.71 -31.00 56.00 -27.00 -25.00 54.00  -22.00 
26.43 -33.00 60.00 -29.00 -25.00 54.00  -19.00 
27.14 -35.00 64.00 -30.00 -26.00 56.00  -22.00 
27.86 -37.00 68.00 -32.00 -28.00 58.00  -24.00 
28.57 -39.00 72.00 -34.00 -32.00 63.00  -24.00 
29.29 -41.00 76.00 -35.00 -33.00 66.00  -28.00 
30.00 -43.00 81.00 -37.00 -33.00 72.00  -28.00 
30.71 -45.00 87.00 -39.00 -34.00 79.00  -28.00 
31.43 -47.00 93.00 -42.00 -35.00 80.00  -30.00 
32.14 -50.00 99.00 -44.00 -37.00 84.00  -30.00 
32.86 -52.00 106.00 -46.00 -38.00 88.00  -30.00 
33.57 -55.00 112.00 -48.00 -44.00 96.00  -32.00 
34.29 -59.00 120.00 -50.00 -43.00 112.00  -31.00 
35.00 -62.00 128.00 -52.00 -41.00 121.00  -30.00 
35.71 -65.00 138.00 -54.00 -41.00 133.00  -28.00 
36.43 -68.00 148.00 -56.00 -42.00 150.00  -28.00 
37.14 -71.00 159.00 -58.00 -43.00 171.00  -21.00 
37.86 -74.00 172.00 -59.00 -43.00 192.00  -11.00 
38.57 -77.00 187.00 -59.00 -36.00 227.00  10.00 
39.29 -79.00 204.00 -57.00 -7.00 265.00  57.00 
40.00 -77.00 223.00 -50.00 57.00 246.00  129.00 
40.71 -71.00 238.00 -40.00 90.00 182.00  148.00 
41.43 -65.00 249.00 -30.00 84.00 126.00  129.00 
42.14 -59.00 257.00 -22.00 75.00 90.00  103.00 
42.86 -54.00 262.00 -15.00 67.00 66.00  86.00 
43.57 -49.00 266.00 -10.00 63.00 45.00  71.00 
44.29 -45.00 269.00 -5.00 62.00 27.00  63.00 
45.00 -41.00 270.00 -1.00 58.00 9.00  53.00 
45.71 -37.00 270.00 3.00 53.00 -5.00  50.00 
46.43 -33.00 269.00 6.00 51.00 -17.00  43.00 
47.14 -29.00 268.00 9.00 52.00 -29.00  38.00 
47.86 -25.00 265.00 12.00 50.00 -41.00  33.00 
48.57 -22.00 262.00 14.00 49.00 -51.00  30.00 
49.29 -19.00 258.00 16.00 45.00 -59.00  26.00 
50.00 -16.00 254.00 18.00 44.00 -70.00  21.00 
50.71 -13.00 248.00 19.00 37.00 -79.00  14.00 
51.43 -10.00 242.00 20.00 37.00 -88.00  5.00 
52.14 -7.00 235.00 20.00 29.00 -94.00  -6.00 
52.86 -5.00 229.00 19.00 32.00 -90.00  -20.00 
53.57 -3.00 222.00 17.00 36.00 -89.00  -24.00 
54.29 -0.00 216.00 16.00 38.00 -99.00  -21.00 
55.00 2.00 208.00 14.00 36.00 -112.00  -19.00 
55.71 5.00 200.00 13.00 34.00 -130.00  -15.00 
56.43 7.00 189.00 12.00 24.00 -152.00  -20.00 
57.14 8.00 178.00 10.00 12.00 -175.00  -32.00 
57.86 8.00 164.00 7.00 -11.00 -223.00  -49.00 
58.57 4.00 145.00 2.00 -172.00 -233.00  -88.00 
59.29 -4.00 135.00 -1.00 -81.00 -73.00  -14.00 
60.00 -8.00 132.00 -1.00 24.00 -34.00  22.00 
60.71 -5.00 132.00 1.00 79.00 0.00  48.00 
61.43 0.00 134.00 5.00 126.00 42.00  73.00 
62.14 14.00 139.00 12.00 185.00 134.00  119.00 
62.86 22.00 145.00 19.00 38.00 -44.00  32.00 
63.57 23.00 140.00 19.00 42.00 -51.00  23.00 
64.29 26.00 138.00 21.00 41.00 -27.00  18.00 
65.00 29.00 137.00 22.00 43.00 -21.00  22.00 
65.71 32.00 135.00 24.00 42.00 -31.00  22.00 
66.43 35.00 133.00 27.00 40.00 -23.00  34.00 
67.14 38.00 131.00 30.00 38.00 -26.00  34.00 
67.86 40.00 129.00 32.00 43.00 -28.00  40.00 
68.57 44.00 126.00 35.00 41.00 -31.00  29.00 
69.29 46.00 124.00 36.00 43.00 -31.00  24.00 
70.00 49.00 121.00 39.00 38.00 -29.00  22.00 
70.71 52.00 120.00 40.00 39.00 -23.00  30.00 
71.43 53.00 118.00 42.00 33.00 -21.00  20.00 
72.14 56.00 116.00 43.00 37.00 -24.00  21.00 
72.86 59.00 116.00 44.00 33.00 -27.00  21.00 
73.57 62.00 114.00 46.00 31.00 -26.00  22.00 
74.29 64.00 112.00 48.00 31.00 -23.00  27.00 
75.00 66.00 110.00 50.00 31.00 -24.00  24.00 
75.71 68.00 108.00 51.00 29.00 -27.00  23.00 
76.43 70.00 105.00 53.00 31.00 -25.00  30.00 
77.14 72.00 104.00 55.00 29.00 -21.00  25.00 
77.86 74.00 103.00 56.00 29.00 -21.00  18.00 
78.57 76.00 102.00 57.00 31.00 -17.00  19.00 
79.29 78.00 100.00 59.00 33.00 -20.00  18.00 
80.00 80.00 98.00 60.00 36.00 -17.00  21.00 
80.71 83.00 97.00 62.00 37.00 -17.00  22.00 
81.43 86.00 96.00 63.00 38.00 -20.00  23.00 
82.14 89.00 95.00 65.00 38.00 -17.00  30.00 
82.86 92.00 93.00 68.00 41.00 -17.00  35.00 
83.57 95.00 92.00 71.00 40.00 -23.00  39.00 
84.29 98.00 90.00 73.00 38.00 -23.00  37.00 
85.00 100.00 88.00 76.00 34.00 -25.00  33.00 
85.71 103.00 87.00 78.00 32.00 -25.00  26.00 
86.43 105.00 85.00 80.00 32.00 -25.00  27.00 
87.14 107.00 83.00 81.00 31.00 -25.00  20.00 
87.86 110.00 81.00 83.00 27.00 -27.00  15.00 
88.57 112.00 79.00 84.00 33.00 -26.00  19.00 
89.29 114.00 78.00 86.00 33.00 -26.00  22.00 
90.00 116.00 76.00 87.00 31.00 -24.00  20.00 
90.71 118.00 74.00 89.00 29.00 -24.00  20.00 
91.43 121.00 72.00 90.00 30.00 -28.00  19.00 
92.14 122.00 70.00 91.00 32.00 -25.00  22.00 
92.86 125.00 68.00 93.00 31.00 -26.00  21.00 
93.57 127.00 66.00 94.00 29.00 -26.00  18.00 
94.29 129.00 64.00 95.00 27.00 -29.00  20.00 
95.00 131.00 63.00 97.00 25.00 -22.00  24.00 
95.71 133.00 61.00 99.00 27.00 -17.00  27.00 
96.43 135.00 60.00 101.00 29.00 -13.00  25.00 
97.14 137.00 59.00 102.00 29.00 -15.00  22.00 
97.86 139.00 58.00 104.00 32.00 -18.00  25.00 
98.57 142.00 57.00 106.00 36.00 -16.00  26.00 
99.29 144.00 56.00 108.00 37.00 -17.00  30.00 
100.00 147.00 54.00 110.00 38.00 -20.00  32.00 
100.71 150.00 53.00 113.00 36.00 -22.00  32.00 
101.43 152.00 51.00 115.00 31.00 -20.00  35.00 
102.14 154.00 50.00 117.00 33.00 -18.00  32.00 
102.86 157.00 49.00 120.00 33.00 -19.00  32.00 
103.57 159.00 47.00 122.00 34.00 -17.00  30.00 
104.29 161.00 46.00 124.00 34.00 -20.00  25.00 
105.00 163.00 44.00 125.00 30.00 -27.00  20.00 
105.71 166.00 42.00 127.00 32.00 -32.00  18.00 
106.43 168.00 40.00 128.00 31.00 -32.00  17.00 
107.14 170.00 38.00 129.00 29.00 -30.00  18.00 
107.86 172.00 36.00 130.00 25.00 -24.00  18.00 
108.57 174.00 35.00 132.00 26.00 -21.00  19.00 
109.29 176.00 34.00 134.00 31.00 -17.00  24.00 
110.00 178.00 32.00 136.00 32.00 -17.00  27.00 
110.71 180.00 31.00 138.00 30.00 -20.00  27.00 
111.43 182.00 29.00 140.00 29.00 -22.00  29.00 
112.14 184.00 27.00 141.00 30.00 -22.00  29.00 
112.86 187.00 26.00 143.00 29.00 -18.00  29.00 
113.57 189.00 25.00 145.00 30.00 -23.00  28.00 
114.29 191.00 23.00 147.00 31.00 -19.00  27.00 
